10

0
0.000000
5.000000
0.000000
0.000000
0.000000
0.000000
0.000000
0.000000
0.000000
0.000000
0.000000
0.000000
0.000000
0.000000
0.000000
0.000000
0.000000
0.000000
0.000000
0.000000
0.000000
0.000000
0.000000
0.000000
0.000000

1
1.000000
4.000000
0.000000
0.000000
0.000000
36.000000
0.000000
10.000000
-15.000000
0.000000
5.000000
15.000000
0.000000
5.000000
10.000000
0.000000
0.000000
-10.000000
0.000000
0.000000
0.000000
0.000000
0.000000
0.000000
0.000000

2
2.000000
3.000000
0.000000
0.000000
0.000000
72.000000
0.000000
20.000000
-30.000000
0.000000
10.000000
30.000000
0.000000
10.000000
20.000000
0.000000
0.000000
-20.000000
0.000000
0.000000
0.000000
0.000000
0.000000
0.000000
0.000000

3
3.000000
2.000000
0.000000
0.000000
0.000000
108.000000
0.000000
30.000000
-45.000000
0.000000
15.000000
45.000000
0.000000
15.000000
30.000000
0.000000
0.000000
-30.000000
0.000000
0.000000
0.000000
0.000000
0.000000
0.000000
0.000000

4
4.000000
1.000000
0.000000
0.000000
0.000000
144.000000
0.000000
20.000000
-30.000000
0.000000
20.000000
30.000000
0.000000
20.000000
20.000000
0.000000
0.000000
-20.000000
0.000000
0.000000
0.000000
0.000000
0.000000
0.000000
0.000000

5
5.000000
0.000000
0.000000
0.000000
0.000000
180.000000
0.000000
10.000000
-15.000000
0.000000
15.000000
15.000000
0.000000
15.000000
10.000000
0.000000
0.000000
-10.000000
0.000000
0.000000
0.000000
0.000000
0.000000
0.000000
0.000000

6
6.000000
-1.000000
0.000000
0.000000
0.000000
216.000000
0.000000
0.000000
0.000000
0.000000
10.000000
0.000000
0.000000
10.000000
0.000000
0.000000
0.000000
0.000000
0.000000
0.000000
0.000000
0.000000
0.000000
0.000000
0.000000

7
7.000000
-2.000000
0.000000
0.000000
0.000000
252.000000
0.000000
-10.000000
15.000000
0.000000
5.000000
-15.000000
0.000000
5.000000
-10.000000
0.000000
0.000000
10.000000
0.000000
0.000000
0.000000
0.000000
0.000000
0.000000
0.000000

8
8.000000
-3.000000
0.000000
0.000000
0.000000
288.000000
0.000000
-20.000000
30.000000
0.000000
0.000000
-30.000000
0.000000
0.000000
-20.000000
0.000000
0.000000
20.000000
0.000000
0.000000
0.000000
0.000000
0.000000
0.000000
0.000000

9
9.000000
-4.000000
0.000000
0.000000
0.000000
324.000000
0.000000
-30.000000
45.000000
0.000000
5.000000
-45.000000
0.000000
5.000000
-30.000000
0.000000
0.000000
30.000000
0.000000
0.000000
0.000000
0.000000
0.000000
0.000000
0.000000

10
10.000000
-5.000000
0.000000
0.000000
0.000000
360.000000
0.000000
-20.000000
30.000000
0.000000
10.000000
-30.000000
0.000000
10.000000
-20.000000
0.000000
0.000000
20.000000
0.000000
0.000000
0.000000
0.000000
0.000000
0.000000
0.000000
